[[1]]
[1]  3 15

[[2]]
[1]  1 21

[[3]]
[1]  6 10 22 24

[[4]]
[1]  7 23

[[5]]
[1] 11 12 29 28  9 16 19

[[6]]
[1]  2 30

 [1] 1 1 1 1 1 1 1 1 1 1 1 1
 [1] -0.05974633  0.41950180  0.20676061  0.32812335  0.13022974  0.43164035  0.37295489 -0.10629324
 [9]  0.10644796 -0.01491479  0.18297882 -0.11843179  0.00000000  0.00000000  0.00000000  0.00000000
[17]  0.00000000  0.00000000  0.00000000  0.00000000  0.00000000  0.00000000  0.00000000  0.00000000
            [,1]        [,2]        [,3]        [,4]        [,5]        [,6]        [,7]        [,8]
[1,]  0.90586758  0.06809506 -0.24531869  0.21295513 -0.19778415 -0.06026704 -0.90586758 -0.06809506
[2,]  0.06809506  0.93370337 -0.11064577 -0.04855068  0.05805538  0.12142962 -0.06809506 -0.93370337
[3,] -0.24531869 -0.11064577  0.39542225  0.05603845  0.03946795  0.01004082  0.24531869  0.11064577
[4,]  0.21295513 -0.04855068  0.05603845  0.66565739 -0.07135894 -0.18846043 -0.21295513  0.04855068
[5,] -0.19778415  0.05805538  0.03946795 -0.07135894  0.28236283  0.04767452  0.19778415 -0.05805538
[6,] -0.06026704  0.12142962  0.01004082 -0.18846043  0.04767452  0.64172356  0.06026704 -0.12142962
            [,9]       [,10]       [,11]       [,12]
[1,]  0.24531869 -0.21295513  0.19778415  0.06026704
[2,]  0.11064577  0.04855068 -0.05805538 -0.12142962
[3,] -0.39542225 -0.05603845 -0.03946795 -0.01004082
[4,] -0.05603845 -0.66565739  0.07135894  0.18846043
[5,] -0.03946795  0.07135894 -0.28236283 -0.04767452
[6,] -0.01004082  0.18846043 -0.04767452 -0.64172356
             [,1]        [,2]        [,3]        [,4]        [,5]        [,6]        [,7]        [,8]
 [1,]  0.90586758  0.06809506 -0.24531869  0.21295513 -0.19778415 -0.06026704 -0.90586758 -0.06809506
 [2,]  0.06809506  0.93370337 -0.11064577 -0.04855068  0.05805538  0.12142962 -0.06809506 -0.93370337
 [3,] -0.24531869 -0.11064577  0.39542225  0.05603845  0.03946795  0.01004082  0.24531869  0.11064577
 [4,]  0.21295513 -0.04855068  0.05603845  0.66565739 -0.07135894 -0.18846043 -0.21295513  0.04855068
 [5,] -0.19778415  0.05805538  0.03946795 -0.07135894  0.28236283  0.04767452  0.19778415 -0.05805538
 [6,] -0.06026704  0.12142962  0.01004082 -0.18846043  0.04767452  0.64172356  0.06026704 -0.12142962
 [7,] -0.90586758 -0.06809506  0.24531869 -0.21295513  0.19778415  0.06026704  0.90586758  0.06809506
 [8,] -0.06809506 -0.93370337  0.11064577  0.04855068 -0.05805538 -0.12142962  0.06809506  0.93370337
 [9,]  0.24531869  0.11064577 -0.39542225 -0.05603845 -0.03946795 -0.01004082 -0.24531869 -0.11064577
[10,] -0.21295513  0.04855068 -0.05603845 -0.66565739  0.07135894  0.18846043  0.21295513 -0.04855068
[11,]  0.19778415 -0.05805538 -0.03946795  0.07135894 -0.28236283 -0.04767452 -0.19778415  0.05805538
[12,]  0.06026704 -0.12142962 -0.01004082  0.18846043 -0.04767452 -0.64172356 -0.06026704  0.12142962
[13,] -1.00000000  0.00000000  0.00000000  0.00000000  0.00000000  0.00000000  0.00000000  0.00000000
[14,]  0.00000000 -1.00000000  0.00000000  0.00000000  0.00000000  0.00000000  0.00000000  0.00000000
[15,]  0.00000000  0.00000000 -1.00000000  0.00000000  0.00000000  0.00000000  0.00000000  0.00000000
[16,]  0.00000000  0.00000000  0.00000000 -1.00000000  0.00000000  0.00000000  0.00000000  0.00000000
[17,]  0.00000000  0.00000000  0.00000000  0.00000000 -1.00000000  0.00000000  0.00000000  0.00000000
[18,]  0.00000000  0.00000000  0.00000000  0.00000000  0.00000000 -1.00000000  0.00000000  0.00000000
[19,]  0.00000000  0.00000000  0.00000000  0.00000000  0.00000000  0.00000000 -1.00000000  0.00000000
[20,]  0.00000000  0.00000000  0.00000000  0.00000000  0.00000000  0.00000000  0.00000000 -1.00000000
[21,]  0.00000000  0.00000000  0.00000000  0.00000000  0.00000000  0.00000000  0.00000000  0.00000000
[22,]  0.00000000  0.00000000  0.00000000  0.00000000  0.00000000  0.00000000  0.00000000  0.00000000
[23,]  0.00000000  0.00000000  0.00000000  0.00000000  0.00000000  0.00000000  0.00000000  0.00000000
[24,]  0.00000000  0.00000000  0.00000000  0.00000000  0.00000000  0.00000000  0.00000000  0.00000000
             [,9]       [,10]       [,11]       [,12]
 [1,]  0.24531869 -0.21295513  0.19778415  0.06026704
 [2,]  0.11064577  0.04855068 -0.05805538 -0.12142962
 [3,] -0.39542225 -0.05603845 -0.03946795 -0.01004082
 [4,] -0.05603845 -0.66565739  0.07135894  0.18846043
 [5,] -0.03946795  0.07135894 -0.28236283 -0.04767452
 [6,] -0.01004082  0.18846043 -0.04767452 -0.64172356
 [7,] -0.24531869  0.21295513 -0.19778415 -0.06026704
 [8,] -0.11064577 -0.04855068  0.05805538  0.12142962
 [9,]  0.39542225  0.05603845  0.03946795  0.01004082
[10,]  0.05603845  0.66565739 -0.07135894 -0.18846043
[11,]  0.03946795 -0.07135894  0.28236283  0.04767452
[12,]  0.01004082 -0.18846043  0.04767452  0.64172356
[13,]  0.00000000  0.00000000  0.00000000  0.00000000
[14,]  0.00000000  0.00000000  0.00000000  0.00000000
[15,]  0.00000000  0.00000000  0.00000000  0.00000000
[16,]  0.00000000  0.00000000  0.00000000  0.00000000
[17,]  0.00000000  0.00000000  0.00000000  0.00000000
[18,]  0.00000000  0.00000000  0.00000000  0.00000000
[19,]  0.00000000  0.00000000  0.00000000  0.00000000
[20,]  0.00000000  0.00000000  0.00000000  0.00000000
[21,] -1.00000000  0.00000000  0.00000000  0.00000000
[22,]  0.00000000 -1.00000000  0.00000000  0.00000000
[23,]  0.00000000  0.00000000 -1.00000000  0.00000000
[24,]  0.00000000  0.00000000  0.00000000 -1.00000000
 [1] 1 1 1 1 1 1 1 1 1 1 1 1
 [1] -0.31485968  0.12182647  0.44878791 -0.03341625  0.24154938  0.18402459  0.62806824  0.19138209
 [9] -0.13557935  0.34662481  0.07165918  0.12918397  0.00000000  0.00000000  0.00000000  0.00000000
[17]  0.00000000  0.00000000  0.00000000  0.00000000  0.00000000  0.00000000  0.00000000  0.00000000
            [,1]        [,2]        [,3]        [,4]        [,5]        [,6]        [,7]        [,8]
[1,]  0.90586758  0.06809506 -0.24531869  0.21295513 -0.19778415 -0.06026704 -0.90586758 -0.06809506
[2,]  0.06809506  0.93370337 -0.11064577 -0.04855068  0.05805538  0.12142962 -0.06809506 -0.93370337
[3,] -0.24531869 -0.11064577  0.39542225  0.05603845  0.03946795  0.01004082  0.24531869  0.11064577
[4,]  0.21295513 -0.04855068  0.05603845  0.66565739 -0.07135894 -0.18846043 -0.21295513  0.04855068
[5,] -0.19778415  0.05805538  0.03946795 -0.07135894  0.28236283  0.04767452  0.19778415 -0.05805538
[6,] -0.06026704  0.12142962  0.01004082 -0.18846043  0.04767452  0.64172356  0.06026704 -0.12142962
            [,9]       [,10]       [,11]       [,12]
[1,]  0.24531869 -0.21295513  0.19778415  0.06026704
[2,]  0.11064577  0.04855068 -0.05805538 -0.12142962
[3,] -0.39542225 -0.05603845 -0.03946795 -0.01004082
[4,] -0.05603845 -0.66565739  0.07135894  0.18846043
[5,] -0.03946795  0.07135894 -0.28236283 -0.04767452
[6,] -0.01004082  0.18846043 -0.04767452 -0.64172356
             [,1]        [,2]        [,3]        [,4]        [,5]        [,6]        [,7]        [,8]
 [1,]  0.90586758  0.06809506 -0.24531869  0.21295513 -0.19778415 -0.06026704 -0.90586758 -0.06809506
 [2,]  0.06809506  0.93370337 -0.11064577 -0.04855068  0.05805538  0.12142962 -0.06809506 -0.93370337
 [3,] -0.24531869 -0.11064577  0.39542225  0.05603845  0.03946795  0.01004082  0.24531869  0.11064577
 [4,]  0.21295513 -0.04855068  0.05603845  0.66565739 -0.07135894 -0.18846043 -0.21295513  0.04855068
 [5,] -0.19778415  0.05805538  0.03946795 -0.07135894  0.28236283  0.04767452  0.19778415 -0.05805538
 [6,] -0.06026704  0.12142962  0.01004082 -0.18846043  0.04767452  0.64172356  0.06026704 -0.12142962
 [7,] -0.90586758 -0.06809506  0.24531869 -0.21295513  0.19778415  0.06026704  0.90586758  0.06809506
 [8,] -0.06809506 -0.93370337  0.11064577  0.04855068 -0.05805538 -0.12142962  0.06809506  0.93370337
 [9,]  0.24531869  0.11064577 -0.39542225 -0.05603845 -0.03946795 -0.01004082 -0.24531869 -0.11064577
[10,] -0.21295513  0.04855068 -0.05603845 -0.66565739  0.07135894  0.18846043  0.21295513 -0.04855068
[11,]  0.19778415 -0.05805538 -0.03946795  0.07135894 -0.28236283 -0.04767452 -0.19778415  0.05805538
[12,]  0.06026704 -0.12142962 -0.01004082  0.18846043 -0.04767452 -0.64172356 -0.06026704  0.12142962
[13,] -1.00000000  0.00000000  0.00000000  0.00000000  0.00000000  0.00000000  0.00000000  0.00000000
[14,]  0.00000000 -1.00000000  0.00000000  0.00000000  0.00000000  0.00000000  0.00000000  0.00000000
[15,]  0.00000000  0.00000000 -1.00000000  0.00000000  0.00000000  0.00000000  0.00000000  0.00000000
[16,]  0.00000000  0.00000000  0.00000000 -1.00000000  0.00000000  0.00000000  0.00000000  0.00000000
[17,]  0.00000000  0.00000000  0.00000000  0.00000000 -1.00000000  0.00000000  0.00000000  0.00000000
[18,]  0.00000000  0.00000000  0.00000000  0.00000000  0.00000000 -1.00000000  0.00000000  0.00000000
[19,]  0.00000000  0.00000000  0.00000000  0.00000000  0.00000000  0.00000000 -1.00000000  0.00000000
[20,]  0.00000000  0.00000000  0.00000000  0.00000000  0.00000000  0.00000000  0.00000000 -1.00000000
[21,]  0.00000000  0.00000000  0.00000000  0.00000000  0.00000000  0.00000000  0.00000000  0.00000000
[22,]  0.00000000  0.00000000  0.00000000  0.00000000  0.00000000  0.00000000  0.00000000  0.00000000
[23,]  0.00000000  0.00000000  0.00000000  0.00000000  0.00000000  0.00000000  0.00000000  0.00000000
[24,]  0.00000000  0.00000000  0.00000000  0.00000000  0.00000000  0.00000000  0.00000000  0.00000000
             [,9]       [,10]       [,11]       [,12]
 [1,]  0.24531869 -0.21295513  0.19778415  0.06026704
 [2,]  0.11064577  0.04855068 -0.05805538 -0.12142962
 [3,] -0.39542225 -0.05603845 -0.03946795 -0.01004082
 [4,] -0.05603845 -0.66565739  0.07135894  0.18846043
 [5,] -0.03946795  0.07135894 -0.28236283 -0.04767452
 [6,] -0.01004082  0.18846043 -0.04767452 -0.64172356
 [7,] -0.24531869  0.21295513 -0.19778415 -0.06026704
 [8,] -0.11064577 -0.04855068  0.05805538  0.12142962
 [9,]  0.39542225  0.05603845  0.03946795  0.01004082
[10,]  0.05603845  0.66565739 -0.07135894 -0.18846043
[11,]  0.03946795 -0.07135894  0.28236283  0.04767452
[12,]  0.01004082 -0.18846043  0.04767452  0.64172356
[13,]  0.00000000  0.00000000  0.00000000  0.00000000
[14,]  0.00000000  0.00000000  0.00000000  0.00000000
[15,]  0.00000000  0.00000000  0.00000000  0.00000000
[16,]  0.00000000  0.00000000  0.00000000  0.00000000
[17,]  0.00000000  0.00000000  0.00000000  0.00000000
[18,]  0.00000000  0.00000000  0.00000000  0.00000000
[19,]  0.00000000  0.00000000  0.00000000  0.00000000
[20,]  0.00000000  0.00000000  0.00000000  0.00000000
[21,] -1.00000000  0.00000000  0.00000000  0.00000000
[22,]  0.00000000 -1.00000000  0.00000000  0.00000000
[23,]  0.00000000  0.00000000 -1.00000000  0.00000000
[24,]  0.00000000  0.00000000  0.00000000 -1.00000000
 [1] 1 1 1 1 1 1 1 1 1 1 1 1
 [1]  0.32506385  0.37988619  0.18707489  0.28601075  0.11726521  0.04364889 -0.01185529 -0.06667763
 [9]  0.12613367  0.02719781  0.19594335  0.26955967  0.00000000  0.00000000  0.00000000  0.00000000
[17]  0.00000000  0.00000000  0.00000000  0.00000000  0.00000000  0.00000000  0.00000000  0.00000000
            [,1]        [,2]        [,3]        [,4]        [,5]        [,6]        [,7]        [,8]
[1,]  0.90586758  0.06809506 -0.24531869  0.21295513 -0.19778415 -0.06026704 -0.90586758 -0.06809506
[2,]  0.06809506  0.93370337 -0.11064577 -0.04855068  0.05805538  0.12142962 -0.06809506 -0.93370337
[3,] -0.24531869 -0.11064577  0.39542225  0.05603845  0.03946795  0.01004082  0.24531869  0.11064577
[4,]  0.21295513 -0.04855068  0.05603845  0.66565739 -0.07135894 -0.18846043 -0.21295513  0.04855068
[5,] -0.19778415  0.05805538  0.03946795 -0.07135894  0.28236283  0.04767452  0.19778415 -0.05805538
[6,] -0.06026704  0.12142962  0.01004082 -0.18846043  0.04767452  0.64172356  0.06026704 -0.12142962
            [,9]       [,10]       [,11]       [,12]
[1,]  0.24531869 -0.21295513  0.19778415  0.06026704
[2,]  0.11064577  0.04855068 -0.05805538 -0.12142962
[3,] -0.39542225 -0.05603845 -0.03946795 -0.01004082
[4,] -0.05603845 -0.66565739  0.07135894  0.18846043
[5,] -0.03946795  0.07135894 -0.28236283 -0.04767452
[6,] -0.01004082  0.18846043 -0.04767452 -0.64172356
             [,1]        [,2]        [,3]        [,4]        [,5]        [,6]        [,7]        [,8]
 [1,]  0.90586758  0.06809506 -0.24531869  0.21295513 -0.19778415 -0.06026704 -0.90586758 -0.06809506
 [2,]  0.06809506  0.93370337 -0.11064577 -0.04855068  0.05805538  0.12142962 -0.06809506 -0.93370337
 [3,] -0.24531869 -0.11064577  0.39542225  0.05603845  0.03946795  0.01004082  0.24531869  0.11064577
 [4,]  0.21295513 -0.04855068  0.05603845  0.66565739 -0.07135894 -0.18846043 -0.21295513  0.04855068
 [5,] -0.19778415  0.05805538  0.03946795 -0.07135894  0.28236283  0.04767452  0.19778415 -0.05805538
 [6,] -0.06026704  0.12142962  0.01004082 -0.18846043  0.04767452  0.64172356  0.06026704 -0.12142962
 [7,] -0.90586758 -0.06809506  0.24531869 -0.21295513  0.19778415  0.06026704  0.90586758  0.06809506
 [8,] -0.06809506 -0.93370337  0.11064577  0.04855068 -0.05805538 -0.12142962  0.06809506  0.93370337
 [9,]  0.24531869  0.11064577 -0.39542225 -0.05603845 -0.03946795 -0.01004082 -0.24531869 -0.11064577
[10,] -0.21295513  0.04855068 -0.05603845 -0.66565739  0.07135894  0.18846043  0.21295513 -0.04855068
[11,]  0.19778415 -0.05805538 -0.03946795  0.07135894 -0.28236283 -0.04767452 -0.19778415  0.05805538
[12,]  0.06026704 -0.12142962 -0.01004082  0.18846043 -0.04767452 -0.64172356 -0.06026704  0.12142962
[13,] -1.00000000  0.00000000  0.00000000  0.00000000  0.00000000  0.00000000  0.00000000  0.00000000
[14,]  0.00000000 -1.00000000  0.00000000  0.00000000  0.00000000  0.00000000  0.00000000  0.00000000
[15,]  0.00000000  0.00000000 -1.00000000  0.00000000  0.00000000  0.00000000  0.00000000  0.00000000
[16,]  0.00000000  0.00000000  0.00000000 -1.00000000  0.00000000  0.00000000  0.00000000  0.00000000
[17,]  0.00000000  0.00000000  0.00000000  0.00000000 -1.00000000  0.00000000  0.00000000  0.00000000
[18,]  0.00000000  0.00000000  0.00000000  0.00000000  0.00000000 -1.00000000  0.00000000  0.00000000
[19,]  0.00000000  0.00000000  0.00000000  0.00000000  0.00000000  0.00000000 -1.00000000  0.00000000
[20,]  0.00000000  0.00000000  0.00000000  0.00000000  0.00000000  0.00000000  0.00000000 -1.00000000
[21,]  0.00000000  0.00000000  0.00000000  0.00000000  0.00000000  0.00000000  0.00000000  0.00000000
[22,]  0.00000000  0.00000000  0.00000000  0.00000000  0.00000000  0.00000000  0.00000000  0.00000000
[23,]  0.00000000  0.00000000  0.00000000  0.00000000  0.00000000  0.00000000  0.00000000  0.00000000
[24,]  0.00000000  0.00000000  0.00000000  0.00000000  0.00000000  0.00000000  0.00000000  0.00000000
             [,9]       [,10]       [,11]       [,12]
 [1,]  0.24531869 -0.21295513  0.19778415  0.06026704
 [2,]  0.11064577  0.04855068 -0.05805538 -0.12142962
 [3,] -0.39542225 -0.05603845 -0.03946795 -0.01004082
 [4,] -0.05603845 -0.66565739  0.07135894  0.18846043
 [5,] -0.03946795  0.07135894 -0.28236283 -0.04767452
 [6,] -0.01004082  0.18846043 -0.04767452 -0.64172356
 [7,] -0.24531869  0.21295513 -0.19778415 -0.06026704
 [8,] -0.11064577 -0.04855068  0.05805538  0.12142962
 [9,]  0.39542225  0.05603845  0.03946795  0.01004082
[10,]  0.05603845  0.66565739 -0.07135894 -0.18846043
[11,]  0.03946795 -0.07135894  0.28236283  0.04767452
[12,]  0.01004082 -0.18846043  0.04767452  0.64172356
[13,]  0.00000000  0.00000000  0.00000000  0.00000000
[14,]  0.00000000  0.00000000  0.00000000  0.00000000
[15,]  0.00000000  0.00000000  0.00000000  0.00000000
[16,]  0.00000000  0.00000000  0.00000000  0.00000000
[17,]  0.00000000  0.00000000  0.00000000  0.00000000
[18,]  0.00000000  0.00000000  0.00000000  0.00000000
[19,]  0.00000000  0.00000000  0.00000000  0.00000000
[20,]  0.00000000  0.00000000  0.00000000  0.00000000
[21,] -1.00000000  0.00000000  0.00000000  0.00000000
[22,]  0.00000000 -1.00000000  0.00000000  0.00000000
[23,]  0.00000000  0.00000000 -1.00000000  0.00000000
[24,]  0.00000000  0.00000000  0.00000000 -1.00000000
 [1] 1 1 1 1 1 1 1 1 1 1 1 1
 [1] -0.126189127 -0.234248601  0.305334233  0.128004237  0.209676207  0.073021517  0.439397687  0.547457161
 [9]  0.007874328  0.185204324  0.103532353  0.240187043  0.000000000  0.000000000  0.000000000  0.000000000
[17]  0.000000000  0.000000000  0.000000000  0.000000000  0.000000000  0.000000000  0.000000000  0.000000000
            [,1]        [,2]        [,3]        [,4]        [,5]        [,6]        [,7]        [,8]
[1,]  0.90586758  0.06809506 -0.24531869  0.21295513 -0.19778415 -0.06026704 -0.90586758 -0.06809506
[2,]  0.06809506  0.93370337 -0.11064577 -0.04855068  0.05805538  0.12142962 -0.06809506 -0.93370337
[3,] -0.24531869 -0.11064577  0.39542225  0.05603845  0.03946795  0.01004082  0.24531869  0.11064577
[4,]  0.21295513 -0.04855068  0.05603845  0.66565739 -0.07135894 -0.18846043 -0.21295513  0.04855068
[5,] -0.19778415  0.05805538  0.03946795 -0.07135894  0.28236283  0.04767452  0.19778415 -0.05805538
[6,] -0.06026704  0.12142962  0.01004082 -0.18846043  0.04767452  0.64172356  0.06026704 -0.12142962
            [,9]       [,10]       [,11]       [,12]
[1,]  0.24531869 -0.21295513  0.19778415  0.06026704
[2,]  0.11064577  0.04855068 -0.05805538 -0.12142962
[3,] -0.39542225 -0.05603845 -0.03946795 -0.01004082
[4,] -0.05603845 -0.66565739  0.07135894  0.18846043
[5,] -0.03946795  0.07135894 -0.28236283 -0.04767452
[6,] -0.01004082  0.18846043 -0.04767452 -0.64172356
             [,1]        [,2]        [,3]        [,4]        [,5]        [,6]        [,7]        [,8]
 [1,]  0.90586758  0.06809506 -0.24531869  0.21295513 -0.19778415 -0.06026704 -0.90586758 -0.06809506
 [2,]  0.06809506  0.93370337 -0.11064577 -0.04855068  0.05805538  0.12142962 -0.06809506 -0.93370337
 [3,] -0.24531869 -0.11064577  0.39542225  0.05603845  0.03946795  0.01004082  0.24531869  0.11064577
 [4,]  0.21295513 -0.04855068  0.05603845  0.66565739 -0.07135894 -0.18846043 -0.21295513  0.04855068
 [5,] -0.19778415  0.05805538  0.03946795 -0.07135894  0.28236283  0.04767452  0.19778415 -0.05805538
 [6,] -0.06026704  0.12142962  0.01004082 -0.18846043  0.04767452  0.64172356  0.06026704 -0.12142962
 [7,] -0.90586758 -0.06809506  0.24531869 -0.21295513  0.19778415  0.06026704  0.90586758  0.06809506
 [8,] -0.06809506 -0.93370337  0.11064577  0.04855068 -0.05805538 -0.12142962  0.06809506  0.93370337
 [9,]  0.24531869  0.11064577 -0.39542225 -0.05603845 -0.03946795 -0.01004082 -0.24531869 -0.11064577
[10,] -0.21295513  0.04855068 -0.05603845 -0.66565739  0.07135894  0.18846043  0.21295513 -0.04855068
[11,]  0.19778415 -0.05805538 -0.03946795  0.07135894 -0.28236283 -0.04767452 -0.19778415  0.05805538
[12,]  0.06026704 -0.12142962 -0.01004082  0.18846043 -0.04767452 -0.64172356 -0.06026704  0.12142962
[13,] -1.00000000  0.00000000  0.00000000  0.00000000  0.00000000  0.00000000  0.00000000  0.00000000
[14,]  0.00000000 -1.00000000  0.00000000  0.00000000  0.00000000  0.00000000  0.00000000  0.00000000
[15,]  0.00000000  0.00000000 -1.00000000  0.00000000  0.00000000  0.00000000  0.00000000  0.00000000
[16,]  0.00000000  0.00000000  0.00000000 -1.00000000  0.00000000  0.00000000  0.00000000  0.00000000
[17,]  0.00000000  0.00000000  0.00000000  0.00000000 -1.00000000  0.00000000  0.00000000  0.00000000
[18,]  0.00000000  0.00000000  0.00000000  0.00000000  0.00000000 -1.00000000  0.00000000  0.00000000
[19,]  0.00000000  0.00000000  0.00000000  0.00000000  0.00000000  0.00000000 -1.00000000  0.00000000
[20,]  0.00000000  0.00000000  0.00000000  0.00000000  0.00000000  0.00000000  0.00000000 -1.00000000
[21,]  0.00000000  0.00000000  0.00000000  0.00000000  0.00000000  0.00000000  0.00000000  0.00000000
[22,]  0.00000000  0.00000000  0.00000000  0.00000000  0.00000000  0.00000000  0.00000000  0.00000000
[23,]  0.00000000  0.00000000  0.00000000  0.00000000  0.00000000  0.00000000  0.00000000  0.00000000
[24,]  0.00000000  0.00000000  0.00000000  0.00000000  0.00000000  0.00000000  0.00000000  0.00000000
             [,9]       [,10]       [,11]       [,12]
 [1,]  0.24531869 -0.21295513  0.19778415  0.06026704
 [2,]  0.11064577  0.04855068 -0.05805538 -0.12142962
 [3,] -0.39542225 -0.05603845 -0.03946795 -0.01004082
 [4,] -0.05603845 -0.66565739  0.07135894  0.18846043
 [5,] -0.03946795  0.07135894 -0.28236283 -0.04767452
 [6,] -0.01004082  0.18846043 -0.04767452 -0.64172356
 [7,] -0.24531869  0.21295513 -0.19778415 -0.06026704
 [8,] -0.11064577 -0.04855068  0.05805538  0.12142962
 [9,]  0.39542225  0.05603845  0.03946795  0.01004082
[10,]  0.05603845  0.66565739 -0.07135894 -0.18846043
[11,]  0.03946795 -0.07135894  0.28236283  0.04767452
[12,]  0.01004082 -0.18846043  0.04767452  0.64172356
[13,]  0.00000000  0.00000000  0.00000000  0.00000000
[14,]  0.00000000  0.00000000  0.00000000  0.00000000
[15,]  0.00000000  0.00000000  0.00000000  0.00000000
[16,]  0.00000000  0.00000000  0.00000000  0.00000000
[17,]  0.00000000  0.00000000  0.00000000  0.00000000
[18,]  0.00000000  0.00000000  0.00000000  0.00000000
[19,]  0.00000000  0.00000000  0.00000000  0.00000000
[20,]  0.00000000  0.00000000  0.00000000  0.00000000
[21,] -1.00000000  0.00000000  0.00000000  0.00000000
[22,]  0.00000000 -1.00000000  0.00000000  0.00000000
[23,]  0.00000000  0.00000000 -1.00000000  0.00000000
[24,]  0.00000000  0.00000000  0.00000000 -1.00000000
 [1] 1 1 1 1 1 1 1 1 1 1 1 1
 [1]  0.41029002  0.05425951  0.08295998  0.36566740  0.17802204 -0.08267449 -0.09708146  0.25894905
 [9]  0.23024858 -0.05245884  0.13518652  0.39588305  0.00000000  0.00000000  0.00000000  0.00000000
[17]  0.00000000  0.00000000  0.00000000  0.00000000  0.00000000  0.00000000  0.00000000  0.00000000
            [,1]        [,2]        [,3]        [,4]        [,5]        [,6]        [,7]        [,8]
[1,]  0.90586758  0.06809506 -0.24531869  0.21295513 -0.19778415 -0.06026704 -0.90586758 -0.06809506
[2,]  0.06809506  0.93370337 -0.11064577 -0.04855068  0.05805538  0.12142962 -0.06809506 -0.93370337
[3,] -0.24531869 -0.11064577  0.39542225  0.05603845  0.03946795  0.01004082  0.24531869  0.11064577
[4,]  0.21295513 -0.04855068  0.05603845  0.66565739 -0.07135894 -0.18846043 -0.21295513  0.04855068
[5,] -0.19778415  0.05805538  0.03946795 -0.07135894  0.28236283  0.04767452  0.19778415 -0.05805538
[6,] -0.06026704  0.12142962  0.01004082 -0.18846043  0.04767452  0.64172356  0.06026704 -0.12142962
            [,9]       [,10]       [,11]       [,12]
[1,]  0.24531869 -0.21295513  0.19778415  0.06026704
[2,]  0.11064577  0.04855068 -0.05805538 -0.12142962
[3,] -0.39542225 -0.05603845 -0.03946795 -0.01004082
[4,] -0.05603845 -0.66565739  0.07135894  0.18846043
[5,] -0.03946795  0.07135894 -0.28236283 -0.04767452
[6,] -0.01004082  0.18846043 -0.04767452 -0.64172356
             [,1]        [,2]        [,3]        [,4]        [,5]        [,6]        [,7]        [,8]
 [1,]  0.90586758  0.06809506 -0.24531869  0.21295513 -0.19778415 -0.06026704 -0.90586758 -0.06809506
 [2,]  0.06809506  0.93370337 -0.11064577 -0.04855068  0.05805538  0.12142962 -0.06809506 -0.93370337
 [3,] -0.24531869 -0.11064577  0.39542225  0.05603845  0.03946795  0.01004082  0.24531869  0.11064577
 [4,]  0.21295513 -0.04855068  0.05603845  0.66565739 -0.07135894 -0.18846043 -0.21295513  0.04855068
 [5,] -0.19778415  0.05805538  0.03946795 -0.07135894  0.28236283  0.04767452  0.19778415 -0.05805538
 [6,] -0.06026704  0.12142962  0.01004082 -0.18846043  0.04767452  0.64172356  0.06026704 -0.12142962
 [7,] -0.90586758 -0.06809506  0.24531869 -0.21295513  0.19778415  0.06026704  0.90586758  0.06809506
 [8,] -0.06809506 -0.93370337  0.11064577  0.04855068 -0.05805538 -0.12142962  0.06809506  0.93370337
 [9,]  0.24531869  0.11064577 -0.39542225 -0.05603845 -0.03946795 -0.01004082 -0.24531869 -0.11064577
[10,] -0.21295513  0.04855068 -0.05603845 -0.66565739  0.07135894  0.18846043  0.21295513 -0.04855068
[11,]  0.19778415 -0.05805538 -0.03946795  0.07135894 -0.28236283 -0.04767452 -0.19778415  0.05805538
[12,]  0.06026704 -0.12142962 -0.01004082  0.18846043 -0.04767452 -0.64172356 -0.06026704  0.12142962
[13,] -1.00000000  0.00000000  0.00000000  0.00000000  0.00000000  0.00000000  0.00000000  0.00000000
[14,]  0.00000000 -1.00000000  0.00000000  0.00000000  0.00000000  0.00000000  0.00000000  0.00000000
[15,]  0.00000000  0.00000000 -1.00000000  0.00000000  0.00000000  0.00000000  0.00000000  0.00000000
[16,]  0.00000000  0.00000000  0.00000000 -1.00000000  0.00000000  0.00000000  0.00000000  0.00000000
[17,]  0.00000000  0.00000000  0.00000000  0.00000000 -1.00000000  0.00000000  0.00000000  0.00000000
[18,]  0.00000000  0.00000000  0.00000000  0.00000000  0.00000000 -1.00000000  0.00000000  0.00000000
[19,]  0.00000000  0.00000000  0.00000000  0.00000000  0.00000000  0.00000000 -1.00000000  0.00000000
[20,]  0.00000000  0.00000000  0.00000000  0.00000000  0.00000000  0.00000000  0.00000000 -1.00000000
[21,]  0.00000000  0.00000000  0.00000000  0.00000000  0.00000000  0.00000000  0.00000000  0.00000000
[22,]  0.00000000  0.00000000  0.00000000  0.00000000  0.00000000  0.00000000  0.00000000  0.00000000
[23,]  0.00000000  0.00000000  0.00000000  0.00000000  0.00000000  0.00000000  0.00000000  0.00000000
[24,]  0.00000000  0.00000000  0.00000000  0.00000000  0.00000000  0.00000000  0.00000000  0.00000000
             [,9]       [,10]       [,11]       [,12]
 [1,]  0.24531869 -0.21295513  0.19778415  0.06026704
 [2,]  0.11064577  0.04855068 -0.05805538 -0.12142962
 [3,] -0.39542225 -0.05603845 -0.03946795 -0.01004082
 [4,] -0.05603845 -0.66565739  0.07135894  0.18846043
 [5,] -0.03946795  0.07135894 -0.28236283 -0.04767452
 [6,] -0.01004082  0.18846043 -0.04767452 -0.64172356
 [7,] -0.24531869  0.21295513 -0.19778415 -0.06026704
 [8,] -0.11064577 -0.04855068  0.05805538  0.12142962
 [9,]  0.39542225  0.05603845  0.03946795  0.01004082
[10,]  0.05603845  0.66565739 -0.07135894 -0.18846043
[11,]  0.03946795 -0.07135894  0.28236283  0.04767452
[12,]  0.01004082 -0.18846043  0.04767452  0.64172356
[13,]  0.00000000  0.00000000  0.00000000  0.00000000
[14,]  0.00000000  0.00000000  0.00000000  0.00000000
[15,]  0.00000000  0.00000000  0.00000000  0.00000000
[16,]  0.00000000  0.00000000  0.00000000  0.00000000
[17,]  0.00000000  0.00000000  0.00000000  0.00000000
[18,]  0.00000000  0.00000000  0.00000000  0.00000000
[19,]  0.00000000  0.00000000  0.00000000  0.00000000
[20,]  0.00000000  0.00000000  0.00000000  0.00000000
[21,] -1.00000000  0.00000000  0.00000000  0.00000000
[22,]  0.00000000 -1.00000000  0.00000000  0.00000000
[23,]  0.00000000  0.00000000 -1.00000000  0.00000000
[24,]  0.00000000  0.00000000  0.00000000 -1.00000000
 [1] 1 1 1 1 1 1 1 1 1 1 1 1
 [1] -0.11875305  0.65697015  0.06441919 -0.23021110  0.24416827  0.35054278  0.43196161 -0.34376159
 [9]  0.24878937  0.54341966  0.06904029 -0.03733422  0.00000000  0.00000000  0.00000000  0.00000000
[17]  0.00000000  0.00000000  0.00000000  0.00000000  0.00000000  0.00000000  0.00000000  0.00000000
            [,1]        [,2]        [,3]        [,4]        [,5]        [,6]        [,7]        [,8]
[1,]  0.90586758  0.06809506 -0.24531869  0.21295513 -0.19778415 -0.06026704 -0.90586758 -0.06809506
[2,]  0.06809506  0.93370337 -0.11064577 -0.04855068  0.05805538  0.12142962 -0.06809506 -0.93370337
[3,] -0.24531869 -0.11064577  0.39542225  0.05603845  0.03946795  0.01004082  0.24531869  0.11064577
[4,]  0.21295513 -0.04855068  0.05603845  0.66565739 -0.07135894 -0.18846043 -0.21295513  0.04855068
[5,] -0.19778415  0.05805538  0.03946795 -0.07135894  0.28236283  0.04767452  0.19778415 -0.05805538
[6,] -0.06026704  0.12142962  0.01004082 -0.18846043  0.04767452  0.64172356  0.06026704 -0.12142962
            [,9]       [,10]       [,11]       [,12]
[1,]  0.24531869 -0.21295513  0.19778415  0.06026704
[2,]  0.11064577  0.04855068 -0.05805538 -0.12142962
[3,] -0.39542225 -0.05603845 -0.03946795 -0.01004082
[4,] -0.05603845 -0.66565739  0.07135894  0.18846043
[5,] -0.03946795  0.07135894 -0.28236283 -0.04767452
[6,] -0.01004082  0.18846043 -0.04767452 -0.64172356
             [,1]        [,2]        [,3]        [,4]        [,5]        [,6]        [,7]        [,8]
 [1,]  0.90586758  0.06809506 -0.24531869  0.21295513 -0.19778415 -0.06026704 -0.90586758 -0.06809506
 [2,]  0.06809506  0.93370337 -0.11064577 -0.04855068  0.05805538  0.12142962 -0.06809506 -0.93370337
 [3,] -0.24531869 -0.11064577  0.39542225  0.05603845  0.03946795  0.01004082  0.24531869  0.11064577
 [4,]  0.21295513 -0.04855068  0.05603845  0.66565739 -0.07135894 -0.18846043 -0.21295513  0.04855068
 [5,] -0.19778415  0.05805538  0.03946795 -0.07135894  0.28236283  0.04767452  0.19778415 -0.05805538
 [6,] -0.06026704  0.12142962  0.01004082 -0.18846043  0.04767452  0.64172356  0.06026704 -0.12142962
 [7,] -0.90586758 -0.06809506  0.24531869 -0.21295513  0.19778415  0.06026704  0.90586758  0.06809506
 [8,] -0.06809506 -0.93370337  0.11064577  0.04855068 -0.05805538 -0.12142962  0.06809506  0.93370337
 [9,]  0.24531869  0.11064577 -0.39542225 -0.05603845 -0.03946795 -0.01004082 -0.24531869 -0.11064577
[10,] -0.21295513  0.04855068 -0.05603845 -0.66565739  0.07135894  0.18846043  0.21295513 -0.04855068
[11,]  0.19778415 -0.05805538 -0.03946795  0.07135894 -0.28236283 -0.04767452 -0.19778415  0.05805538
[12,]  0.06026704 -0.12142962 -0.01004082  0.18846043 -0.04767452 -0.64172356 -0.06026704  0.12142962
[13,] -1.00000000  0.00000000  0.00000000  0.00000000  0.00000000  0.00000000  0.00000000  0.00000000
[14,]  0.00000000 -1.00000000  0.00000000  0.00000000  0.00000000  0.00000000  0.00000000  0.00000000
[15,]  0.00000000  0.00000000 -1.00000000  0.00000000  0.00000000  0.00000000  0.00000000  0.00000000
[16,]  0.00000000  0.00000000  0.00000000 -1.00000000  0.00000000  0.00000000  0.00000000  0.00000000
[17,]  0.00000000  0.00000000  0.00000000  0.00000000 -1.00000000  0.00000000  0.00000000  0.00000000
[18,]  0.00000000  0.00000000  0.00000000  0.00000000  0.00000000 -1.00000000  0.00000000  0.00000000
[19,]  0.00000000  0.00000000  0.00000000  0.00000000  0.00000000  0.00000000 -1.00000000  0.00000000
[20,]  0.00000000  0.00000000  0.00000000  0.00000000  0.00000000  0.00000000  0.00000000 -1.00000000
[21,]  0.00000000  0.00000000  0.00000000  0.00000000  0.00000000  0.00000000  0.00000000  0.00000000
[22,]  0.00000000  0.00000000  0.00000000  0.00000000  0.00000000  0.00000000  0.00000000  0.00000000
[23,]  0.00000000  0.00000000  0.00000000  0.00000000  0.00000000  0.00000000  0.00000000  0.00000000
[24,]  0.00000000  0.00000000  0.00000000  0.00000000  0.00000000  0.00000000  0.00000000  0.00000000
             [,9]       [,10]       [,11]       [,12]
 [1,]  0.24531869 -0.21295513  0.19778415  0.06026704
 [2,]  0.11064577  0.04855068 -0.05805538 -0.12142962
 [3,] -0.39542225 -0.05603845 -0.03946795 -0.01004082
 [4,] -0.05603845 -0.66565739  0.07135894  0.18846043
 [5,] -0.03946795  0.07135894 -0.28236283 -0.04767452
 [6,] -0.01004082  0.18846043 -0.04767452 -0.64172356
 [7,] -0.24531869  0.21295513 -0.19778415 -0.06026704
 [8,] -0.11064577 -0.04855068  0.05805538  0.12142962
 [9,]  0.39542225  0.05603845  0.03946795  0.01004082
[10,]  0.05603845  0.66565739 -0.07135894 -0.18846043
[11,]  0.03946795 -0.07135894  0.28236283  0.04767452
[12,]  0.01004082 -0.18846043  0.04767452  0.64172356
[13,]  0.00000000  0.00000000  0.00000000  0.00000000
[14,]  0.00000000  0.00000000  0.00000000  0.00000000
[15,]  0.00000000  0.00000000  0.00000000  0.00000000
[16,]  0.00000000  0.00000000  0.00000000  0.00000000
[17,]  0.00000000  0.00000000  0.00000000  0.00000000
[18,]  0.00000000  0.00000000  0.00000000  0.00000000
[19,]  0.00000000  0.00000000  0.00000000  0.00000000
[20,]  0.00000000  0.00000000  0.00000000  0.00000000
[21,] -1.00000000  0.00000000  0.00000000  0.00000000
[22,]  0.00000000 -1.00000000  0.00000000  0.00000000
[23,]  0.00000000  0.00000000 -1.00000000  0.00000000
[24,]  0.00000000  0.00000000  0.00000000 -1.00000000
 [1] 1 1 1 1 1 1 1 1 1 1 1 1
 [1]  0.09588160  0.09268188  0.17500867  0.27571167  0.20757012 -0.26920220  0.21732696  0.22052668
 [9]  0.13819990  0.03749689  0.10563845  0.58241076  0.00000000  0.00000000  0.00000000  0.00000000
[17]  0.00000000  0.00000000  0.00000000  0.00000000  0.00000000  0.00000000  0.00000000  0.00000000
            [,1]        [,2]        [,3]        [,4]        [,5]        [,6]        [,7]        [,8]
[1,]  0.90586758  0.06809506 -0.24531869  0.21295513 -0.19778415 -0.06026704 -0.90586758 -0.06809506
[2,]  0.06809506  0.93370337 -0.11064577 -0.04855068  0.05805538  0.12142962 -0.06809506 -0.93370337
[3,] -0.24531869 -0.11064577  0.39542225  0.05603845  0.03946795  0.01004082  0.24531869  0.11064577
[4,]  0.21295513 -0.04855068  0.05603845  0.66565739 -0.07135894 -0.18846043 -0.21295513  0.04855068
[5,] -0.19778415  0.05805538  0.03946795 -0.07135894  0.28236283  0.04767452  0.19778415 -0.05805538
[6,] -0.06026704  0.12142962  0.01004082 -0.18846043  0.04767452  0.64172356  0.06026704 -0.12142962
            [,9]       [,10]       [,11]       [,12]
[1,]  0.24531869 -0.21295513  0.19778415  0.06026704
[2,]  0.11064577  0.04855068 -0.05805538 -0.12142962
[3,] -0.39542225 -0.05603845 -0.03946795 -0.01004082
[4,] -0.05603845 -0.66565739  0.07135894  0.18846043
[5,] -0.03946795  0.07135894 -0.28236283 -0.04767452
[6,] -0.01004082  0.18846043 -0.04767452 -0.64172356
             [,1]        [,2]        [,3]        [,4]        [,5]        [,6]        [,7]        [,8]
 [1,]  0.90586758  0.06809506 -0.24531869  0.21295513 -0.19778415 -0.06026704 -0.90586758 -0.06809506
 [2,]  0.06809506  0.93370337 -0.11064577 -0.04855068  0.05805538  0.12142962 -0.06809506 -0.93370337
 [3,] -0.24531869 -0.11064577  0.39542225  0.05603845  0.03946795  0.01004082  0.24531869  0.11064577
 [4,]  0.21295513 -0.04855068  0.05603845  0.66565739 -0.07135894 -0.18846043 -0.21295513  0.04855068
 [5,] -0.19778415  0.05805538  0.03946795 -0.07135894  0.28236283  0.04767452  0.19778415 -0.05805538
 [6,] -0.06026704  0.12142962  0.01004082 -0.18846043  0.04767452  0.64172356  0.06026704 -0.12142962
 [7,] -0.90586758 -0.06809506  0.24531869 -0.21295513  0.19778415  0.06026704  0.90586758  0.06809506
 [8,] -0.06809506 -0.93370337  0.11064577  0.04855068 -0.05805538 -0.12142962  0.06809506  0.93370337
 [9,]  0.24531869  0.11064577 -0.39542225 -0.05603845 -0.03946795 -0.01004082 -0.24531869 -0.11064577
[10,] -0.21295513  0.04855068 -0.05603845 -0.66565739  0.07135894  0.18846043  0.21295513 -0.04855068
[11,]  0.19778415 -0.05805538 -0.03946795  0.07135894 -0.28236283 -0.04767452 -0.19778415  0.05805538
[12,]  0.06026704 -0.12142962 -0.01004082  0.18846043 -0.04767452 -0.64172356 -0.06026704  0.12142962
[13,] -1.00000000  0.00000000  0.00000000  0.00000000  0.00000000  0.00000000  0.00000000  0.00000000
[14,]  0.00000000 -1.00000000  0.00000000  0.00000000  0.00000000  0.00000000  0.00000000  0.00000000
[15,]  0.00000000  0.00000000 -1.00000000  0.00000000  0.00000000  0.00000000  0.00000000  0.00000000
[16,]  0.00000000  0.00000000  0.00000000 -1.00000000  0.00000000  0.00000000  0.00000000  0.00000000
[17,]  0.00000000  0.00000000  0.00000000  0.00000000 -1.00000000  0.00000000  0.00000000  0.00000000
[18,]  0.00000000  0.00000000  0.00000000  0.00000000  0.00000000 -1.00000000  0.00000000  0.00000000
[19,]  0.00000000  0.00000000  0.00000000  0.00000000  0.00000000  0.00000000 -1.00000000  0.00000000
[20,]  0.00000000  0.00000000  0.00000000  0.00000000  0.00000000  0.00000000  0.00000000 -1.00000000
[21,]  0.00000000  0.00000000  0.00000000  0.00000000  0.00000000  0.00000000  0.00000000  0.00000000
[22,]  0.00000000  0.00000000  0.00000000  0.00000000  0.00000000  0.00000000  0.00000000  0.00000000
[23,]  0.00000000  0.00000000  0.00000000  0.00000000  0.00000000  0.00000000  0.00000000  0.00000000
[24,]  0.00000000  0.00000000  0.00000000  0.00000000  0.00000000  0.00000000  0.00000000  0.00000000
             [,9]       [,10]       [,11]       [,12]
 [1,]  0.24531869 -0.21295513  0.19778415  0.06026704
 [2,]  0.11064577  0.04855068 -0.05805538 -0.12142962
 [3,] -0.39542225 -0.05603845 -0.03946795 -0.01004082
 [4,] -0.05603845 -0.66565739  0.07135894  0.18846043
 [5,] -0.03946795  0.07135894 -0.28236283 -0.04767452
 [6,] -0.01004082  0.18846043 -0.04767452 -0.64172356
 [7,] -0.24531869  0.21295513 -0.19778415 -0.06026704
 [8,] -0.11064577 -0.04855068  0.05805538  0.12142962
 [9,]  0.39542225  0.05603845  0.03946795  0.01004082
[10,]  0.05603845  0.66565739 -0.07135894 -0.18846043
[11,]  0.03946795 -0.07135894  0.28236283  0.04767452
[12,]  0.01004082 -0.18846043  0.04767452  0.64172356
[13,]  0.00000000  0.00000000  0.00000000  0.00000000
[14,]  0.00000000  0.00000000  0.00000000  0.00000000
[15,]  0.00000000  0.00000000  0.00000000  0.00000000
[16,]  0.00000000  0.00000000  0.00000000  0.00000000
[17,]  0.00000000  0.00000000  0.00000000  0.00000000
[18,]  0.00000000  0.00000000  0.00000000  0.00000000
[19,]  0.00000000  0.00000000  0.00000000  0.00000000
[20,]  0.00000000  0.00000000  0.00000000  0.00000000
[21,] -1.00000000  0.00000000  0.00000000  0.00000000
[22,]  0.00000000 -1.00000000  0.00000000  0.00000000
[23,]  0.00000000  0.00000000 -1.00000000  0.00000000
[24,]  0.00000000  0.00000000  0.00000000 -1.00000000
 [1] 1 1 1 1 1 1 1 1 1 1 1 1
 [1] -0.23817406  0.25667999  0.44693163  0.02699902  0.18047776  0.33463841  0.55138262  0.05652857
 [9] -0.13372307  0.28620954  0.13273080 -0.02142985  0.00000000  0.00000000  0.00000000  0.00000000
[17]  0.00000000  0.00000000  0.00000000  0.00000000  0.00000000  0.00000000  0.00000000  0.00000000
            [,1]        [,2]        [,3]        [,4]        [,5]        [,6]        [,7]        [,8]
[1,]  0.90586758  0.06809506 -0.24531869  0.21295513 -0.19778415 -0.06026704 -0.90586758 -0.06809506
[2,]  0.06809506  0.93370337 -0.11064577 -0.04855068  0.05805538  0.12142962 -0.06809506 -0.93370337
[3,] -0.24531869 -0.11064577  0.39542225  0.05603845  0.03946795  0.01004082  0.24531869  0.11064577
[4,]  0.21295513 -0.04855068  0.05603845  0.66565739 -0.07135894 -0.18846043 -0.21295513  0.04855068
[5,] -0.19778415  0.05805538  0.03946795 -0.07135894  0.28236283  0.04767452  0.19778415 -0.05805538
[6,] -0.06026704  0.12142962  0.01004082 -0.18846043  0.04767452  0.64172356  0.06026704 -0.12142962
            [,9]       [,10]       [,11]       [,12]
[1,]  0.24531869 -0.21295513  0.19778415  0.06026704
[2,]  0.11064577  0.04855068 -0.05805538 -0.12142962
[3,] -0.39542225 -0.05603845 -0.03946795 -0.01004082
[4,] -0.05603845 -0.66565739  0.07135894  0.18846043
[5,] -0.03946795  0.07135894 -0.28236283 -0.04767452
[6,] -0.01004082  0.18846043 -0.04767452 -0.64172356
             [,1]        [,2]        [,3]        [,4]        [,5]        [,6]        [,7]        [,8]
 [1,]  0.90586758  0.06809506 -0.24531869  0.21295513 -0.19778415 -0.06026704 -0.90586758 -0.06809506
 [2,]  0.06809506  0.93370337 -0.11064577 -0.04855068  0.05805538  0.12142962 -0.06809506 -0.93370337
 [3,] -0.24531869 -0.11064577  0.39542225  0.05603845  0.03946795  0.01004082  0.24531869  0.11064577
 [4,]  0.21295513 -0.04855068  0.05603845  0.66565739 -0.07135894 -0.18846043 -0.21295513  0.04855068
 [5,] -0.19778415  0.05805538  0.03946795 -0.07135894  0.28236283  0.04767452  0.19778415 -0.05805538
 [6,] -0.06026704  0.12142962  0.01004082 -0.18846043  0.04767452  0.64172356  0.06026704 -0.12142962
 [7,] -0.90586758 -0.06809506  0.24531869 -0.21295513  0.19778415  0.06026704  0.90586758  0.06809506
 [8,] -0.06809506 -0.93370337  0.11064577  0.04855068 -0.05805538 -0.12142962  0.06809506  0.93370337
 [9,]  0.24531869  0.11064577 -0.39542225 -0.05603845 -0.03946795 -0.01004082 -0.24531869 -0.11064577
[10,] -0.21295513  0.04855068 -0.05603845 -0.66565739  0.07135894  0.18846043  0.21295513 -0.04855068
[11,]  0.19778415 -0.05805538 -0.03946795  0.07135894 -0.28236283 -0.04767452 -0.19778415  0.05805538
